# oST version 5.0 parameters


[image]

width
1920

height
1200

[narrow_stereo]

camera matrix
1130.011805 0.000000 997.515249
0.000000 1130.386363 594.610762
0.000000 0.000000 1.000000

distortion
0.037991 -0.054455 0.002211 0.003054 0.000000

rectification
1.000000 0.000000 0.000000
0.000000 1.000000 0.000000
0.000000 0.000000 1.000000

projection
1126.775146 0.000000 1007.350003 0.000000
0.000000 1139.260010 596.549862 0.000000
0.000000 0.000000 1.000000 0.000000
